16-Aug-2018 18:53:25
Desplazamiento máximo horizontal: 0.0258 m
Desplazamiento máximo vertical: 0.0802 m
Desviación estándar horizontal: 0.0080 m
Desviación estándar vertical: 0.0223 m
Factor pico horizontal: 3.2196
Factor pico vertical: 3.5913

        T[s] Desp Hor [m] Desp Ver [m]
      0.0000       0.0038       0.0325
      1.0017       0.0044       0.0072
      2.0033      -0.0063       0.0206
      3.0050      -0.0060       0.0427
      4.0067      -0.0022       0.0085
      5.0083      -0.0022       0.0446
      6.0100       0.0116       0.0025
      7.0117       0.0151       0.0272
      8.0134       0.0065       0.0365
      9.0150      -0.0025       0.0032
     10.0167       0.0015       0.0217
     11.0184       0.0087       0.0431
     12.0200       0.0055       0.0095
     13.0217       0.0048      -0.0188
     14.0234       0.0046       0.0325
     15.0250       0.0074       0.0129
     16.0267       0.0026      -0.0046
     17.0284      -0.0037       0.0334
     18.0301      -0.0105       0.0161
     19.0317      -0.0093      -0.0254
     20.0334      -0.0109       0.0297
     21.0351       0.0005      -0.0307
     22.0367       0.0051      -0.0090
     23.0384       0.0013      -0.0050
     24.0401       0.0049       0.0061
     25.0417      -0.0008       0.0070
     26.0434      -0.0019      -0.0026
     27.0451       0.0010      -0.0315
     28.0467       0.0019       0.0076
     29.0484       0.0053      -0.0120
     30.0501       0.0059       0.0012
     31.0518       0.0060       0.0166
     32.0534       0.0076      -0.0176
     33.0551       0.0058      -0.0204
     34.0568       0.0043       0.0065
     35.0584       0.0007      -0.0169
     36.0601      -0.0064      -0.0035
     37.0618      -0.0089      -0.0090
     38.0634      -0.0099      -0.0157
     39.0651      -0.0100       0.0069
     40.0668      -0.0115       0.0144
     41.0684      -0.0058       0.0009
     42.0701      -0.0007       0.0328
     43.0718       0.0008       0.0155
     44.0735       0.0017      -0.0010
     45.0751      -0.0013       0.0263
     46.0768      -0.0014       0.0100
     47.0785      -0.0085       0.0268
     48.0801       0.0006       0.0369
     49.0818      -0.0060       0.0211
     50.0835      -0.0003       0.0243
     51.0851       0.0062      -0.0134
     52.0868       0.0085      -0.0216
     53.0885       0.0039      -0.0394
     54.0902       0.0056      -0.0356
     55.0918      -0.0014      -0.0131
     56.0935      -0.0066      -0.0189
     57.0952       0.0016       0.0080
     58.0968       0.0009       0.0104
     59.0985       0.0050       0.0174
     60.1002       0.0032      -0.0060
     61.1018       0.0048       0.0114
     62.1035       0.0020      -0.0194
     63.1052      -0.0078       0.0114
     64.1068      -0.0034      -0.0069
     65.1085       0.0011      -0.0017
     66.1102       0.0058      -0.0069
     67.1119       0.0023      -0.0075
     68.1135       0.0000      -0.0176
     69.1152       0.0004      -0.0125
     70.1169       0.0015      -0.0274
     71.1185      -0.0004       0.0097
     72.1202       0.0052       0.0240
     73.1219       0.0011      -0.0113
     74.1235       0.0094       0.0183
     75.1252       0.0035      -0.0065
     76.1269       0.0094      -0.0053
     77.1285       0.0170       0.0118
     78.1302       0.0145      -0.0038
     79.1319       0.0147       0.0047
     80.1336       0.0170       0.0236
     81.1352       0.0062       0.0093
     82.1369       0.0062       0.0009
     83.1386       0.0058       0.0050
     84.1402       0.0142       0.0122
     85.1419       0.0162       0.0156
     86.1436       0.0150      -0.0033
     87.1452       0.0074       0.0259
     88.1469       0.0040      -0.0030
     89.1486       0.0051       0.0044
     90.1503      -0.0016      -0.0043
     91.1519      -0.0012       0.0294
     92.1536      -0.0014       0.0052
     93.1553       0.0017      -0.0066
     94.1569      -0.0011      -0.0107
     95.1586       0.0029      -0.0100
     96.1603       0.0040      -0.0289
     97.1619       0.0053      -0.0260
     98.1636       0.0034       0.0060
     99.1653       0.0024      -0.0239
    100.1669       0.0052       0.0026
    101.1686      -0.0012      -0.0062
    102.1703      -0.0080      -0.0342
    103.1720      -0.0183       0.0259
    104.1736      -0.0197      -0.0047
    105.1753      -0.0089      -0.0204
    106.1770      -0.0078       0.0116
    107.1786      -0.0070      -0.0117
    108.1803      -0.0041       0.0062
    109.1820       0.0004       0.0195
    110.1836       0.0088       0.0164
    111.1853       0.0078       0.0070
    112.1870      -0.0012      -0.0003
    113.1886       0.0026       0.0002
    114.1903      -0.0042      -0.0263
    115.1920       0.0052      -0.0068
    116.1937       0.0040      -0.0073
    117.1953      -0.0026       0.0036
    118.1970      -0.0052       0.0339
    119.1987      -0.0048       0.0219
    120.2003      -0.0088       0.0207
    121.2020      -0.0031       0.0439
    122.2037       0.0051       0.0270
    123.2053       0.0007       0.0401
    124.2070      -0.0020       0.0393
    125.2087       0.0017       0.0068
    126.2104      -0.0024       0.0459
    127.2120       0.0084       0.0114
    128.2137       0.0100       0.0093
    129.2154       0.0097       0.0258
    130.2170       0.0090       0.0053
    131.2187       0.0076       0.0036
    132.2204       0.0063      -0.0109
    133.2220       0.0033       0.0043
    134.2237      -0.0061      -0.0199
    135.2254      -0.0064       0.0005
    136.2270      -0.0112      -0.0252
    137.2287      -0.0112       0.0001
    138.2304      -0.0177      -0.0178
    139.2321      -0.0139      -0.0075
    140.2337      -0.0060       0.0193
    141.2354      -0.0121      -0.0099
    142.2371      -0.0089       0.0323
    143.2387      -0.0111       0.0127
    144.2404      -0.0091      -0.0220
    145.2421      -0.0078      -0.0069
    146.2437      -0.0102      -0.0161
    147.2454      -0.0069      -0.0359
    148.2471      -0.0054      -0.0100
    149.2487      -0.0055      -0.0324
    150.2504      -0.0069      -0.0464
    151.2521      -0.0043      -0.0222
    152.2538      -0.0021      -0.0402
    153.2554      -0.0103      -0.0422
    154.2571      -0.0194      -0.0141
    155.2588      -0.0152      -0.0372
    156.2604      -0.0108       0.0049
    157.2621      -0.0127      -0.0012
    158.2638      -0.0105      -0.0171
    159.2654      -0.0113       0.0046
    160.2671      -0.0132      -0.0292
    161.2688      -0.0165      -0.0144
    162.2705      -0.0160       0.0091
    163.2721      -0.0229      -0.0197
    164.2738      -0.0076      -0.0413
    165.2755      -0.0078      -0.0120
    166.2771      -0.0165       0.0097
    167.2788      -0.0141       0.0074
    168.2805      -0.0140       0.0010
    169.2821      -0.0175       0.0245
    170.2838      -0.0193      -0.0041
    171.2855      -0.0193       0.0060
    172.2871      -0.0165       0.0004
    173.2888      -0.0154       0.0097
    174.2905      -0.0144       0.0184
    175.2922      -0.0077       0.0041
    176.2938      -0.0155      -0.0014
    177.2955      -0.0162       0.0297
    178.2972      -0.0114       0.0343
    179.2988      -0.0021       0.0205
    180.3005       0.0003       0.0419
    181.3022       0.0054      -0.0101
    182.3038       0.0072       0.0106
    183.3055       0.0005       0.0159
    184.3072      -0.0088      -0.0095
    185.3088      -0.0121       0.0284
    186.3105      -0.0071      -0.0287
    187.3122      -0.0090      -0.0075
    188.3139      -0.0172      -0.0273
    189.3155      -0.0153      -0.0223
    190.3172      -0.0093      -0.0322
    191.3189      -0.0103      -0.0534
    192.3205      -0.0007      -0.0035
    193.3222       0.0054      -0.0233
    194.3239       0.0069      -0.0162
    195.3255       0.0021       0.0125
    196.3272      -0.0035      -0.0031
    197.3289      -0.0097       0.0020
    198.3306      -0.0041       0.0056
    199.3322      -0.0073      -0.0019
    200.3339      -0.0129       0.0216
    201.3356      -0.0151       0.0116
    202.3372      -0.0160       0.0112
    203.3389      -0.0185       0.0295
    204.3406      -0.0122       0.0092
    205.3422      -0.0096       0.0444
    206.3439      -0.0118       0.0199
    207.3456       0.0007      -0.0095
    208.3472       0.0032       0.0416
    209.3489      -0.0015      -0.0069
    210.3506      -0.0099       0.0414
    211.3523      -0.0065       0.0038
    212.3539      -0.0076       0.0051
    213.3556      -0.0101       0.0001
    214.3573      -0.0198       0.0057
    215.3589      -0.0159       0.0102
    216.3606      -0.0068       0.0292
    217.3623      -0.0060      -0.0065
    218.3639      -0.0017       0.0155
    219.3656      -0.0041      -0.0073
    220.3673       0.0052       0.0079
    221.3689      -0.0008      -0.0170
    222.3706      -0.0002      -0.0203
    223.3723       0.0069       0.0044
    224.3740       0.0046      -0.0061
    225.3756       0.0025      -0.0061
    226.3773       0.0002       0.0221
    227.3790       0.0037      -0.0128
    228.3806       0.0010       0.0251
    229.3823      -0.0059      -0.0121
    230.3840      -0.0017       0.0090
    231.3856       0.0049      -0.0076
    232.3873       0.0009      -0.0101
    233.3890       0.0040      -0.0051
    234.3907       0.0063      -0.0179
    235.3923      -0.0043      -0.0008
    236.3940      -0.0030       0.0191
    237.3957      -0.0094       0.0005
    238.3973      -0.0062       0.0019
    239.3990      -0.0022       0.0259
    240.4007      -0.0019      -0.0113
    241.4023       0.0002      -0.0111
    242.4040      -0.0031      -0.0343
    243.4057      -0.0144      -0.0259
    244.4073      -0.0043      -0.0152
    245.4090      -0.0098      -0.0425
    246.4107      -0.0090       0.0189
    247.4124      -0.0092      -0.0054
    248.4140      -0.0115      -0.0160
    249.4157      -0.0021       0.0196
    250.4174      -0.0077      -0.0096
    251.4190      -0.0064      -0.0161
    252.4207      -0.0010       0.0131
    253.4224      -0.0021      -0.0127
    254.4240      -0.0009      -0.0345
    255.4257       0.0002      -0.0060
    256.4274       0.0045      -0.0465
    257.4290       0.0072      -0.0213
    258.4307       0.0006      -0.0139
    259.4324      -0.0018      -0.0802
    260.4341       0.0035      -0.0055
    261.4357       0.0054      -0.0559
    262.4374       0.0049      -0.0479
    263.4391       0.0016      -0.0424
    264.4407       0.0043      -0.0307
    265.4424       0.0100      -0.0235
    266.4441       0.0050      -0.0098
    267.4457       0.0081      -0.0236
    268.4474       0.0016      -0.0236
    269.4491       0.0063      -0.0278
    270.4508       0.0062      -0.0457
    271.4524       0.0044      -0.0555
    272.4541      -0.0020      -0.0336
    273.4558      -0.0042      -0.0526
    274.4574      -0.0058      -0.0438
    275.4591      -0.0012      -0.0498
    276.4608      -0.0036      -0.0579
    277.4624      -0.0000      -0.0330
    278.4641      -0.0032      -0.0507
    279.4658       0.0001      -0.0361
    280.4674      -0.0072      -0.0451
    281.4691       0.0023      -0.0014
    282.4708      -0.0008      -0.0207
    283.4725       0.0001      -0.0130
    284.4741      -0.0010      -0.0235
    285.4758       0.0003      -0.0031
    286.4775       0.0032      -0.0233
    287.4791       0.0060       0.0012
    288.4808       0.0043      -0.0099
    289.4825       0.0124      -0.0141
    290.4841       0.0043      -0.0197
    291.4858       0.0073      -0.0277
    292.4875       0.0038      -0.0063
    293.4891      -0.0058      -0.0265
    294.4908      -0.0042       0.0032
    295.4925      -0.0055      -0.0079
    296.4942      -0.0013      -0.0083
    297.4958      -0.0028      -0.0153
    298.4975       0.0051       0.0040
    299.4992       0.0018      -0.0265
    300.5008       0.0029       0.0100
    301.5025      -0.0023       0.0134
    302.5042       0.0047      -0.0143
    303.5058      -0.0053      -0.0032
    304.5075      -0.0030      -0.0143
    305.5092      -0.0067      -0.0180
    306.5109      -0.0094      -0.0129
    307.5125       0.0017      -0.0181
    308.5142      -0.0058      -0.0093
    309.5159      -0.0005      -0.0274
    310.5175       0.0036      -0.0130
    311.5192       0.0116      -0.0127
    312.5209       0.0132      -0.0150
    313.5225       0.0023      -0.0057
    314.5242       0.0062      -0.0108
    315.5259       0.0047      -0.0179
    316.5275       0.0095      -0.0199
    317.5292       0.0030      -0.0059
    318.5309      -0.0017      -0.0250
    319.5326      -0.0066       0.0052
    320.5342      -0.0065       0.0111
    321.5359       0.0015       0.0067
    322.5376       0.0071       0.0218
    323.5392       0.0082       0.0046
    324.5409       0.0045       0.0226
    325.5426       0.0027       0.0206
    326.5442       0.0023      -0.0014
    327.5459       0.0011       0.0136
    328.5476      -0.0042      -0.0093
    329.5492      -0.0128      -0.0068
    330.5509      -0.0116       0.0043
    331.5526      -0.0058      -0.0305
    332.5543      -0.0080       0.0001
    333.5559      -0.0096      -0.0095
    334.5576      -0.0040      -0.0353
    335.5593      -0.0121       0.0136
    336.5609      -0.0060      -0.0133
    337.5626      -0.0087      -0.0177
    338.5643      -0.0029       0.0252
    339.5659      -0.0105      -0.0065
    340.5676      -0.0128      -0.0036
    341.5693      -0.0161      -0.0020
    342.5710      -0.0088       0.0103
    343.5726      -0.0082       0.0150
    344.5743      -0.0065       0.0210
    345.5760      -0.0035       0.0404
    346.5776      -0.0052       0.0375
    347.5793      -0.0064       0.0154
    348.5810      -0.0033       0.0156
    349.5826       0.0001       0.0299
    350.5843      -0.0018       0.0249
    351.5860       0.0026       0.0411
    352.5876      -0.0037       0.0389
    353.5893      -0.0048       0.0360
    354.5910       0.0001       0.0404
    355.5927      -0.0007       0.0038
    356.5943      -0.0016       0.0255
    357.5960      -0.0014       0.0147
    358.5977      -0.0011       0.0004
    359.5993       0.0051       0.0375
    360.6010       0.0037       0.0118
    361.6027       0.0019      -0.0064
    362.6043       0.0009      -0.0194
    363.6060       0.0081      -0.0137
    364.6077       0.0070      -0.0090
    365.6093       0.0111       0.0043
    366.6110       0.0056       0.0025
    367.6127       0.0040      -0.0010
    368.6144       0.0088       0.0105
    369.6160       0.0013       0.0031
    370.6177       0.0066       0.0033
    371.6194       0.0169      -0.0150
    372.6210       0.0166      -0.0019
    373.6227       0.0123       0.0045
    374.6244       0.0111      -0.0212
    375.6260       0.0111      -0.0097
    376.6277       0.0013      -0.0088
    377.6294       0.0034      -0.0105
    378.6311       0.0007       0.0165
    379.6327      -0.0055       0.0048
    380.6344      -0.0089      -0.0153
    381.6361       0.0013       0.0034
    382.6377       0.0013       0.0064
    383.6394      -0.0005      -0.0083
    384.6411       0.0042       0.0011
    385.6427       0.0043       0.0080
    386.6444       0.0008       0.0112
    387.6461      -0.0011       0.0105
    388.6477      -0.0005      -0.0124
    389.6494       0.0028      -0.0023
    390.6511      -0.0093       0.0089
    391.6528      -0.0086       0.0067
    392.6544      -0.0074      -0.0108
    393.6561      -0.0109      -0.0131
    394.6578      -0.0078      -0.0103
    395.6594      -0.0026       0.0022
    396.6611      -0.0083      -0.0309
    397.6628      -0.0117      -0.0003
    398.6644      -0.0138      -0.0011
    399.6661      -0.0129      -0.0051
    400.6678      -0.0092      -0.0030
    401.6694      -0.0105      -0.0173
    402.6711      -0.0103      -0.0071
    403.6728      -0.0078      -0.0134
    404.6745      -0.0031      -0.0067
    405.6761      -0.0116      -0.0273
    406.6778      -0.0083       0.0082
    407.6795      -0.0146      -0.0100
    408.6811      -0.0080      -0.0130
    409.6828       0.0031       0.0042
    410.6845       0.0037      -0.0202
    411.6861      -0.0014      -0.0093
    412.6878      -0.0063      -0.0044
    413.6895       0.0014      -0.0472
    414.6912       0.0038      -0.0124
    415.6928       0.0038      -0.0207
    416.6945      -0.0014      -0.0251
    417.6962      -0.0059      -0.0073
    418.6978      -0.0258      -0.0098
    419.6995      -0.0244      -0.0335
    420.7012      -0.0237      -0.0043
    421.7028      -0.0257      -0.0337
    422.7045      -0.0178      -0.0057
    423.7062      -0.0093      -0.0110
    424.7078      -0.0039      -0.0374
    425.7095      -0.0051      -0.0074
    426.7112       0.0018      -0.0358
    427.7129       0.0027      -0.0330
    428.7145      -0.0019      -0.0108
    429.7162      -0.0019      -0.0310
    430.7179       0.0022      -0.0383
    431.7195       0.0180      -0.0335
    432.7212       0.0056      -0.0231
    433.7229       0.0031      -0.0301
    434.7245       0.0058      -0.0281
    435.7262      -0.0005      -0.0310
    436.7279      -0.0010      -0.0368
    437.7295      -0.0049      -0.0227
    438.7312      -0.0028      -0.0152
    439.7329      -0.0006      -0.0201
    440.7346      -0.0087      -0.0354
    441.7362      -0.0081      -0.0469
    442.7379      -0.0059      -0.0381
    443.7396      -0.0067      -0.0319
    444.7412      -0.0089      -0.0283
    445.7429      -0.0056      -0.0249
    446.7446      -0.0081      -0.0117
    447.7462      -0.0032      -0.0191
    448.7479      -0.0032      -0.0244
    449.7496       0.0009      -0.0335
    450.7513       0.0023      -0.0105
    451.7529       0.0087      -0.0103
    452.7546       0.0093      -0.0074
    453.7563       0.0077      -0.0138
    454.7579       0.0015       0.0019
    455.7596      -0.0028      -0.0222
    456.7613       0.0050       0.0018
    457.7629       0.0100      -0.0135
    458.7646       0.0084      -0.0375
    459.7663       0.0087      -0.0153
    460.7679       0.0152      -0.0050
    461.7696       0.0113      -0.0042
    462.7713       0.0164       0.0278
    463.7730       0.0126      -0.0139
    464.7746       0.0099       0.0071
    465.7763       0.0095      -0.0113
    466.7780       0.0063      -0.0226
    467.7796       0.0080      -0.0253
    468.7813      -0.0010      -0.0033
    469.7830       0.0046      -0.0113
    470.7846       0.0008      -0.0181
    471.7863       0.0098       0.0294
    472.7880       0.0157       0.0027
    473.7896       0.0192       0.0295
    474.7913       0.0015       0.0142
    475.7930      -0.0014      -0.0115
    476.7947      -0.0129       0.0027
    477.7963      -0.0036      -0.0293
    478.7980      -0.0057      -0.0167
    479.7997       0.0007      -0.0390
    480.8013      -0.0002       0.0063
    481.8030      -0.0005      -0.0303
    482.8047      -0.0028      -0.0433
    483.8063       0.0011       0.0026
    484.8080      -0.0010      -0.0479
    485.8097      -0.0004      -0.0068
    486.8114      -0.0044      -0.0160
    487.8130      -0.0118      -0.0456
    488.8147      -0.0119      -0.0101
    489.8164      -0.0091      -0.0320
    490.8180      -0.0136      -0.0417
    491.8197      -0.0051      -0.0303
    492.8214      -0.0008      -0.0444
    493.8230       0.0005      -0.0364
    494.8247      -0.0140      -0.0468
    495.8264      -0.0091      -0.0173
    496.8280      -0.0154      -0.0318
    497.8297      -0.0083      -0.0235
    498.8314      -0.0114      -0.0136
    499.8331      -0.0025      -0.0121
    500.8347       0.0012      -0.0215
    501.8364       0.0010      -0.0254
    502.8381       0.0027      -0.0329
    503.8397       0.0017      -0.0245
    504.8414       0.0004      -0.0440
    505.8431       0.0031      -0.0323
    506.8447       0.0043       0.0012
    507.8464      -0.0022      -0.0369
    508.8481      -0.0007       0.0027
    509.8497       0.0003      -0.0235
    510.8514      -0.0043      -0.0303
    511.8531      -0.0059      -0.0081
    512.8548       0.0054      -0.0232
    513.8564       0.0041      -0.0055
    514.8581       0.0102      -0.0068
    515.8598       0.0052      -0.0483
    516.8614      -0.0009      -0.0302
    517.8631       0.0033      -0.0386
    518.8648      -0.0019      -0.0491
    519.8664      -0.0024      -0.0226
    520.8681      -0.0036      -0.0180
    521.8698      -0.0037      -0.0278
    522.8715      -0.0057      -0.0196
    523.8731      -0.0063      -0.0528
    524.8748      -0.0060      -0.0459
    525.8765      -0.0056      -0.0295
    526.8781      -0.0063      -0.0206
    527.8798      -0.0113      -0.0225
    528.8815      -0.0035      -0.0322
    529.8831      -0.0083      -0.0470
    530.8848      -0.0083      -0.0164
    531.8865      -0.0069      -0.0065
    532.8881       0.0031      -0.0434
    533.8898      -0.0023      -0.0097
    534.8915      -0.0084      -0.0162
    535.8932      -0.0042      -0.0004
    536.8948      -0.0014       0.0133
    537.8965       0.0004      -0.0071
    538.8982       0.0095       0.0090
    539.8998       0.0027       0.0098
    540.9015      -0.0032      -0.0143
    541.9032      -0.0013       0.0300
    542.9048      -0.0063      -0.0078
    543.9065      -0.0028      -0.0098
    544.9082      -0.0035      -0.0221
    545.9098      -0.0035      -0.0468
    546.9115      -0.0042      -0.0286
    547.9132      -0.0007      -0.0247
    548.9149      -0.0064      -0.0245
    549.9165      -0.0112      -0.0328
    550.9182      -0.0105      -0.0012
    551.9199      -0.0093       0.0076
    552.9215      -0.0018       0.0138
    553.9232      -0.0019       0.0300
    554.9249      -0.0047      -0.0019
    555.9265      -0.0047       0.0218
    556.9282      -0.0020       0.0414
    557.9299      -0.0021      -0.0004
    558.9316       0.0010       0.0061
    559.9332       0.0036       0.0268
    560.9349       0.0012      -0.0008
    561.9366       0.0031       0.0385
    562.9382       0.0040       0.0116
    563.9399       0.0067       0.0241
    564.9416       0.0025       0.0272
    565.9432       0.0022       0.0058
    566.9449       0.0119       0.0273
    567.9466       0.0013      -0.0148
    568.9482       0.0050       0.0059
    569.9499       0.0076      -0.0224
    570.9516       0.0050      -0.0323
    571.9533       0.0025      -0.0114
    572.9549      -0.0019      -0.0443
    573.9566      -0.0043      -0.0060
    574.9583      -0.0043      -0.0146
    575.9599       0.0001      -0.0228
    576.9616       0.0039      -0.0014
    577.9633       0.0105      -0.0407
    578.9649       0.0107      -0.0100
    579.9666       0.0070      -0.0240
    580.9683       0.0071      -0.0164
    581.9699       0.0059      -0.0357
    582.9716       0.0037      -0.0304
    583.9733       0.0068      -0.0352
    584.9750       0.0132      -0.0130
    585.9766       0.0099      -0.0037
    586.9783       0.0085      -0.0181
    587.9800       0.0136      -0.0322
    588.9816       0.0096      -0.0277
    589.9833       0.0091      -0.0513
    590.9850       0.0137      -0.0347
    591.9866       0.0017      -0.0643
    592.9883       0.0048      -0.0283
    593.9900       0.0023      -0.0406
    594.9917       0.0016      -0.0558
    595.9933      -0.0003      -0.0246
    596.9950       0.0047      -0.0302
    597.9967       0.0014      -0.0255
    598.9983      -0.0020      -0.0197
    600.0000      -0.0023      -0.0223
