16-Aug-2018 19:00:36
Desplazamiento máximo vertical: 1.3363 m
Desviación estándar vertical: 0.5121 m
Factor pico vertical: 2.6092

        T[s] Desp Ver [m] 
      0.0000      -0.0754 
      1.0017       0.0332 
      2.0033       0.2180 
      3.0050      -0.2698 
      4.0067       0.0750 
      5.0083       0.2005 
      6.0100      -0.4865 
      7.0117       0.6457 
      8.0134      -0.4328 
      9.0150      -0.1606 
     10.0167       0.7267 
     11.0184      -0.8444 
     12.0200       0.5747 
     13.0217      -0.2125 
     14.0234      -0.1576 
     15.0250       0.5368 
     16.0267      -0.6839 
     17.0284       0.2571 
     18.0301       0.4861 
     19.0317      -0.6886 
     20.0334       0.0633 
     21.0351       0.6522 
     22.0367      -0.7358 
     23.0384       0.2609 
     24.0401       0.2968 
     25.0417      -0.5361 
     26.0434       0.2793 
     27.0451       0.2297 
     28.0467      -0.5042 
     29.0484       0.4030 
     30.0501      -0.1414 
     31.0518      -0.2069 
     32.0534       0.5936 
     33.0551      -0.7137 
     34.0568       0.4081 
     35.0584       0.0773 
     36.0601      -0.3821 
     37.0618       0.3311 
     38.0634      -0.1087 
     39.0651       0.0292 
     40.0668      -0.0036 
     41.0684      -0.2722 
     42.0701       0.5633 
     43.0718      -0.3647 
     44.0735      -0.2006 
     45.0751       0.5437 
     46.0768      -0.3672 
     47.0785      -0.0588 
     48.0801       0.1800 
     49.0818       0.1212 
     50.0835      -0.3198 
     51.0851       0.0647 
     52.0868       0.3713 
     53.0885      -0.5585 
     54.0902       0.3372 
     55.0918       0.1038 
     56.0935      -0.3435 
     57.0952       0.1951 
     58.0968       0.0289 
     59.0985      -0.0862 
     60.1002       0.1188 
     61.1018      -0.1540 
     62.1035       0.0688 
     63.1052       0.0018 
     64.1068       0.0949 
     65.1085      -0.2153 
     66.1102       0.1422 
     67.1119       0.1460 
     68.1135      -0.3916 
     69.1152       0.3046 
     70.1169       0.1133 
     71.1185      -0.5578 
     72.1202       0.6754 
     73.1219      -0.3818 
     74.1235      -0.0915 
     75.1252       0.4752 
     76.1269      -0.6507 
     77.1285       0.5242 
     78.1302      -0.0314 
     79.1319      -0.6413 
     80.1336       1.0411 
     81.1352      -0.7968 
     82.1369       0.0206 
     83.1386       0.6619 
     84.1402      -0.6368 
     85.1419       0.0245 
     86.1436       0.5201 
     87.1452      -0.5591 
     88.1469       0.0640 
     89.1486       0.5993 
     90.1503      -0.8700 
     91.1519       0.4983 
     92.1536       0.1972 
     93.1553      -0.6772 
     94.1569       0.7496 
     95.1586      -0.4912 
     96.1603      -0.0529 
     97.1619       0.5957 
     98.1636      -0.6552 
     99.1653       0.1577 
    100.1669       0.4428 
    101.1686      -0.6476 
    102.1703       0.4190 
    103.1720      -0.0969 
    104.1736      -0.1283 
    105.1753       0.2880 
    106.1770      -0.2615 
    107.1786      -0.0106 
    108.1803       0.1738 
    109.1820      -0.0205 
    110.1836      -0.0995 
    111.1853      -0.0819 
    112.1870       0.2919 
    113.1886      -0.1858 
    114.1903      -0.1869 
    115.1920       0.4278 
    116.1937      -0.1965 
    117.1953      -0.2775 
    118.1970       0.3906 
    119.1987       0.0134 
    120.2003      -0.4816 
    121.2020       0.6099 
    122.2037      -0.4278 
    123.2053       0.0966 
    124.2070       0.2759 
    125.2087      -0.4856 
    126.2104       0.3728 
    127.2120      -0.1250 
    128.2137       0.0082 
    129.2154       0.0886 
    130.2170      -0.3182 
    131.2187       0.5125 
    132.2204      -0.4980 
    133.2220       0.2635 
    134.2237       0.0466 
    135.2254      -0.2155 
    136.2270       0.2015 
    137.2287      -0.1064 
    138.2304       0.0891 
    139.2321      -0.2419 
    140.2337       0.3136 
    141.2354       0.0386 
    142.2371      -0.6516 
    143.2387       0.8648 
    144.2404      -0.2981 
    145.2421      -0.5741 
    146.2437       0.9707 
    147.2454      -0.7006 
    148.2471       0.1827 
    149.2487       0.1745 
    150.2504      -0.3336 
    151.2521       0.3502 
    152.2538      -0.1624 
    153.2554      -0.0437 
    154.2571      -0.0626 
    155.2588       0.3462 
    156.2604      -0.4225 
    157.2621       0.1611 
    158.2638       0.2648 
    159.2654      -0.4685 
    160.2671       0.2687 
    161.2688       0.0850 
    162.2705      -0.2547 
    163.2721       0.0610 
    164.2738       0.3802 
    165.2755      -0.6386 
    166.2771       0.3916 
    167.2788       0.1273 
    168.2805      -0.3679 
    169.2821       0.2111 
    170.2838       0.0246 
    171.2855      -0.2649 
    172.2871       0.5443 
    173.2888      -0.5359 
    174.2905       0.0719 
    175.2922       0.3721 
    176.2938      -0.3455 
    177.2955       0.1114 
    178.2972      -0.1209 
    179.2988       0.2479 
    180.3005      -0.1660 
    181.3022      -0.0343 
    182.3038       0.1540 
    183.3055      -0.1954 
    184.3072       0.1229 
    185.3088       0.1030 
    186.3105      -0.2767 
    187.3122       0.1842 
    188.3139       0.0644 
    189.3155      -0.2236 
    190.3172       0.2423 
    191.3189      -0.1535 
    192.3205      -0.1000 
    193.3222       0.4348 
    194.3239      -0.6184 
    195.3255       0.5353 
    196.3272      -0.1936 
    197.3289      -0.3082 
    198.3306       0.6885 
    199.3322      -0.6346 
    200.3339       0.2408 
    201.3356       0.0221 
    202.3372       0.0379 
    203.3389      -0.0505 
    204.3406      -0.2524 
    205.3422       0.5513 
    206.3439      -0.4899 
    207.3456       0.1425 
    208.3472       0.2006 
    209.3489      -0.3509 
    210.3506       0.3437 
    211.3523      -0.2562 
    212.3539       0.0612 
    213.3556       0.1291 
    214.3573      -0.1709 
    215.3589       0.2060 
    216.3606      -0.3099 
    217.3623       0.2240 
    218.3639       0.1155 
    219.3656      -0.3505 
    220.3673       0.3365 
    221.3689      -0.3305 
    222.3706       0.3755 
    223.3723      -0.2021 
    224.3740      -0.2166 
    225.3756       0.6024 
    226.3773      -0.7417 
    227.3790       0.5620 
    228.3806      -0.1185 
    229.3823      -0.3382 
    230.3840       0.5940 
    231.3856      -0.6126 
    232.3873       0.2889 
    233.3890       0.3716 
    234.3907      -0.8875 
    235.3923       0.7621 
    236.3940      -0.0611 
    237.3957      -0.6499 
    238.3973       0.7475 
    239.3990      -0.1525 
    240.4007      -0.6638 
    241.4023       1.2247 
    242.4040      -1.2015 
    243.4057       0.5052 
    244.4073       0.4158 
    245.4090      -0.9257 
    246.4107       0.8680 
    247.4124      -0.4562 
    248.4140      -0.0580 
    249.4157       0.4102 
    250.4174      -0.4495 
    251.4190       0.2106 
    252.4207       0.1514 
    253.4224      -0.3866 
    254.4240       0.3650 
    255.4257      -0.2059 
    256.4274       0.0837 
    257.4290      -0.0932 
    258.4307       0.1734 
    259.4324      -0.0975 
    260.4341      -0.1842 
    261.4357       0.3645 
    262.4374      -0.2574 
    263.4391       0.0729 
    264.4407      -0.0379 
    265.4424       0.1729 
    266.4441      -0.3283 
    267.4457       0.3031 
    268.4474      -0.1105 
    269.4491      -0.0510 
    270.4508       0.0557 
    271.4524       0.0940 
    272.4541      -0.2369 
    273.4558       0.1248 
    274.4574       0.1944 
    275.4591      -0.2891 
    276.4608      -0.0302 
    277.4624       0.3525 
    278.4641      -0.2744 
    279.4658      -0.0144 
    280.4674       0.0803 
    281.4691       0.1260 
    282.4708      -0.2968 
    283.4725       0.1992 
    284.4741       0.1133 
    285.4758      -0.3876 
    286.4775       0.3861 
    287.4791      -0.1806 
    288.4808       0.1349 
    289.4825      -0.2855 
    290.4841       0.2515 
    291.4858       0.0416 
    292.4875      -0.1783 
    293.4891      -0.0860 
    294.4908       0.3337 
    295.4925      -0.0679 
    296.4942      -0.4841 
    297.4958       0.7301 
    298.4975      -0.4827 
    299.4992      -0.0183 
    300.5008       0.4687 
    301.5025      -0.6322 
    302.5042       0.4015 
    303.5058       0.0234 
    304.5075      -0.2849 
    305.5092       0.2986 
    306.5109      -0.1674 
    307.5125      -0.0805 
    308.5142       0.3339 
    309.5159      -0.4665 
    310.5175       0.4592 
    311.5192      -0.2053 
    312.5209      -0.2606 
    313.5225       0.6220 
    314.5242      -0.6699 
    315.5259       0.4185 
    316.5275       0.0083 
    317.5292      -0.3507 
    318.5309       0.3697 
    319.5326      -0.1213 
    320.5342      -0.1928 
    321.5359       0.4467 
    322.5376      -0.5137 
    323.5392       0.3437 
    324.5409      -0.0283 
    325.5426      -0.3261 
    326.5442       0.4964 
    327.5459      -0.2585 
    328.5476      -0.1787 
    329.5492       0.4396 
    330.5509      -0.4418 
    331.5526       0.2299 
    332.5543       0.1257 
    333.5559      -0.4566 
    334.5576       0.5443 
    335.5593      -0.2692 
    336.5609      -0.1821 
    337.5626       0.4343 
    338.5643      -0.3680 
    339.5659       0.0988 
    340.5676       0.2774 
    341.5693      -0.5159 
    342.5710       0.3723 
    343.5726      -0.0062 
    344.5743      -0.2824 
    345.5760       0.3938 
    346.5776      -0.3437 
    347.5793       0.2023 
    348.5810      -0.1034 
    349.5826       0.1410 
    350.5843      -0.1658 
    351.5860      -0.1335 
    352.5876       0.6446 
    353.5893      -0.7795 
    354.5910       0.3292 
    355.5927       0.2886 
    356.5943      -0.6363 
    357.5960       0.5483 
    358.5977      -0.0836 
    359.5993      -0.4622 
    360.6010       0.6607 
    361.6027      -0.2801 
    362.6043      -0.3353 
    363.6060       0.5756 
    364.6077      -0.3072 
    365.6093      -0.0661 
    366.6110       0.0871 
    367.6127       0.2130 
    368.6144      -0.3029 
    369.6160      -0.0356 
    370.6177       0.3116 
    371.6194      -0.1092 
    372.6210      -0.3796 
    373.6227       0.7112 
    374.6244      -0.5595 
    375.6260      -0.0009 
    376.6277       0.5286 
    377.6294      -0.6429 
    378.6311       0.2885 
    379.6327       0.2251 
    380.6344      -0.4609 
    381.6361       0.2576 
    382.6377       0.1704 
    383.6394      -0.4194 
    384.6411       0.2472 
    385.6427       0.1949 
    386.6444      -0.5110 
    387.6461       0.3857 
    388.6477       0.0496 
    389.6494      -0.2868 
    390.6511       0.1488 
    391.6528       0.0442 
    392.6544      -0.0756 
    393.6561       0.0047 
    394.6578      -0.0289 
    395.6594       0.3000 
    396.6611      -0.5699 
    397.6628       0.3626 
    398.6644       0.3060 
    399.6661      -0.7687 
    400.6678       0.5526 
    401.6694       0.0042 
    402.6711      -0.3178 
    403.6728       0.3054 
    404.6745      -0.2095 
    405.6761       0.0887 
    406.6778       0.1411 
    407.6795      -0.4553 
    408.6811       0.6745 
    409.6828      -0.5725 
    410.6845       0.1655 
    411.6861       0.2669 
    412.6878      -0.5280 
    413.6895       0.5579 
    414.6912      -0.3478 
    415.6928       0.0489 
    416.6945       0.1444 
    417.6962      -0.2094 
    418.6978       0.2030 
    419.6995      -0.1407 
    420.7012       0.0178 
    421.7028       0.1030 
    422.7045      -0.1142 
    423.7062       0.0286 
    424.7078       0.0807 
    425.7095      -0.1617 
    426.7112       0.0472 
    427.7129       0.4221 
    428.7145      -0.8814 
    429.7162       0.6059 
    430.7179       0.3382 
    431.7195      -0.9315 
    432.7212       0.6000 
    433.7229       0.1855 
    434.7245      -0.7595 
    435.7262       0.8457 
    436.7279      -0.4726 
    437.7295      -0.1944 
    438.7312       0.8837 
    439.7329      -1.1421 
    440.7346       0.6058 
    441.7362       0.3980 
    442.7379      -0.9815 
    443.7396       0.7276 
    444.7412      -0.1557 
    445.7429      -0.0230 
    446.7446      -0.2680 
    447.7462       0.5293 
    448.7479      -0.3487 
    449.7496      -0.2650 
    450.7513       0.9909 
    451.7529      -1.3363 
    452.7546       0.9728 
    453.7563      -0.0888 
    454.7579      -0.7107 
    455.7596       0.9119 
    456.7613      -0.5332 
    457.7629       0.0511 
    458.7646       0.1731 
    459.7663      -0.2546 
    460.7679       0.3353 
    461.7696      -0.1641 
    462.7713      -0.4484 
    463.7730       1.0416 
    464.7746      -0.8834 
    465.7763       0.0205 
    466.7780       0.7104 
    467.7796      -0.8578 
    468.7813       0.6892 
    469.7830      -0.4082 
    470.7846      -0.0788 
    471.7863       0.6784 
    472.7880      -0.9639 
    473.7896       0.6023 
    474.7913       0.1665 
    475.7930      -0.7096 
    476.7947       0.7599 
    477.7963      -0.5850 
    478.7980       0.3160 
    479.7997       0.1761 
    480.8013      -0.6979 
    481.8030       0.7889 
    482.8047      -0.3527 
    483.8063      -0.2540 
    484.8080       0.6178 
    485.8097      -0.4711 
    486.8114      -0.0306 
    487.8130       0.3061 
    488.8147      -0.1383 
    489.8164      -0.0605 
    490.8180      -0.0168 
    491.8197       0.1780 
    492.8214      -0.1791 
    493.8230      -0.0203 
    494.8247       0.3161 
    495.8264      -0.3320 
    496.8280      -0.1357 
    497.8297       0.5647 
    498.8314      -0.3927 
    499.8331      -0.1742 
    500.8347       0.5337 
    501.8364      -0.3896 
    502.8381      -0.1420 
    503.8397       0.6797 
    504.8414      -0.7757 
    505.8431       0.3122 
    506.8447       0.4114 
    507.8464      -0.8570 
    508.8481       0.5939 
    509.8497       0.1244 
    510.8514      -0.5550 
    511.8531       0.4172 
    512.8548      -0.0290 
    513.8564      -0.3159 
    514.8581       0.4308 
    515.8598      -0.1608 
    516.8614      -0.2429 
    517.8631       0.2636 
    518.8648       0.1730 
    519.8664      -0.5730 
    520.8681       0.4816 
    521.8698       0.0054 
    522.8715      -0.4660 
    523.8731       0.6359 
    524.8748      -0.4155 
    525.8765      -0.0684 
    526.8781       0.3747 
    527.8798      -0.2540 
    528.8815      -0.1025 
    529.8831       0.3847 
    530.8848      -0.3372 
    531.8865      -0.1102 
    532.8881       0.6243 
    533.8898      -0.7315 
    534.8915       0.3928 
    535.8932       0.0638 
    536.8948      -0.4031 
    537.8965       0.5146 
    538.8982      -0.3301 
    539.8998      -0.0325 
    540.9015       0.2234 
    541.9032      -0.0640 
    542.9048      -0.1575 
    543.9065       0.1494 
    544.9082       0.0243 
    545.9098      -0.1643 
    546.9115       0.1617 
    547.9132       0.0084 
    548.9149      -0.2698 
    549.9165       0.3819 
    550.9182      -0.1895 
    551.9199      -0.1091 
    552.9215       0.2619 
    553.9232      -0.3034 
    554.9249       0.3337 
    555.9265      -0.2300 
    556.9282      -0.0920 
    557.9299       0.4023 
    558.9316      -0.5346 
    559.9332       0.4647 
    560.9349      -0.0669 
    561.9366      -0.4911 
    562.9382       0.6686 
    563.9399      -0.2451 
    564.9416      -0.3579 
    565.9432       0.5748 
    566.9449      -0.3008 
    567.9466      -0.1015 
    568.9482       0.2272 
    569.9499      -0.0888 
    570.9516       0.0833 
    571.9533      -0.3464 
    572.9549       0.4637 
    573.9566      -0.0698 
    574.9583      -0.5322 
    575.9599       0.7136 
    576.9616      -0.2726 
    577.9633      -0.4921 
    578.9649       1.0059 
    579.9666      -0.6938 
    580.9683      -0.3134 
    581.9699       1.0236 
    582.9716      -0.7240 
    583.9733      -0.0806 
    584.9750       0.4465 
    585.9766      -0.2541 
    586.9783      -0.0639 
    587.9800       0.3587 
    588.9816      -0.5503 
    589.9833       0.4666 
    590.9850      -0.1682 
    591.9866      -0.1869 
    592.9883       0.4521 
    593.9900      -0.4055 
    594.9917       0.0589 
    595.9933       0.2539 
    596.9950      -0.2731 
    597.9967       0.0164 
    598.9983       0.2559 
    600.0000      -0.1732 
