u
3.564190493
-3.391027251
0.134006161
-20.88933687
15.40883352
-4.850914954
4.524356743
-0.782200718
21.66684677
-15.38512619
-17.98604185
2.377435956
-0.67108341
-15.75029411
-5.887415508
-23.47323355
1.122036363
8.676473856
2.821231491
2.683639386
0.005927439
8.335418678
3.930952462
7.990655366
15.76953017
10.98621778
8.869528954
19.26761767
5.872106559
22.03762153
28.9071419
24.90206273
-5.836209502
2.503114466
18.9909931
10.85545629
23.06830189
-2.013737939
-17.75902226
9.38218101
21.74148937
-3.327289409
-20.26102873
1.566168505
-21.3552609
-7.988570385
0.66397011
19.2019775
-0.731794636
-14.31298946
-16.10708737
-20.72180852
-15.17461223
-1.448148939
-6.828885027
10.37103679
10.76523209
7.977253306
4.964639995
-19.75650103
16.91617372
-1.891494194
-8.914898589
-14.19323438
1.945751569
0.857187316
-6.111420265
-3.358076262
-27.40880397
-22.78839392
-30.28608406
-17.55502128
0.006255108
3.910828184
-20.78452264
-26.68252139
-16.94618638
-16.88166784
-3.796293996
-4.241056583
-3.974659831
18.28021245
7.19672855
3.277281797
-4.18125168
-8.507586116
0.325839085
6.15593477
-15.35311016
10.10433809
5.509872907
-8.996206219
-10.34713028
-12.44539418
-12.57321942
-5.749349672
-4.944924206
23.42815539
36.06881157
17.68802791
-7.06905136
27.70446969
1.260211188
-1.42111543
-24.80690099
-11.82911563
11.42903468
-29.74548104
-29.81549965
-12.62781434
-16.79649705
-11.13837414
0.702959398
1.552686877
-14.71451774
-11.50458975
-24.48351346
0.732027698
-38.58723526
-3.934175628
-7.526213139
