15-Aug-2018 20:10:10
Velocidad critica: 1.7943
Frecuencia: 0.8004

   Vcr     Re     Im
1.0000 1.0050 1.0101
1.0151 1.0201 1.0251
1.0302 1.0352 1.0402
1.0452 1.0503 1.0553
1.0603 1.0653 1.0704
1.0754 1.0804 1.0854
1.0905 1.0955 1.1005
1.1055 1.1106 1.1156
1.1206 1.1256 1.1307
1.1357 1.1407 1.1457
1.1508 1.1558 1.1608
1.1658 1.1709 1.1759
1.1809 1.1859 1.1910
1.1960 1.2010 1.2060
1.2111 1.2161 1.2211
1.2261 1.2312 1.2362
1.2412 1.2462 1.2513
1.2563 1.2613 1.2663
1.2714 1.2764 1.2814
1.2864 1.2915 1.2965
1.3015 1.3065 1.3116
1.3166 1.3216 1.3266
1.3317 1.3367 1.3417
1.3467 1.3518 1.3568
1.3618 1.3668 1.3719
1.3769 1.3819 1.3869
1.3920 1.3970 1.4020
1.4070 1.4121 1.4171
1.4221 1.4271 1.4322
1.4372 1.4422 1.4472
1.4523 1.4573 1.4623
1.4673 1.4724 1.4774
1.4824 1.4874 1.4925
1.4975 1.5025 1.5075
1.5126 1.5176 1.5226
1.5276 1.5327 1.5377
1.5427 1.5477 1.5528
1.5578 1.5628 1.5678
1.5729 1.5779 1.5829
1.5879 1.5930 1.5980
1.6030 1.6080 1.6131
1.6181 1.6231 1.6281
1.6332 1.6382 1.6432
1.6482 1.6533 1.6583
1.6633 1.6683 1.6734
1.6784 1.6834 1.6884
1.6935 1.6985 1.7035
1.7085 1.7136 1.7186
1.7236 1.7286 1.7337
1.7387 1.7437 1.7487
1.7538 1.7588 1.7638
1.7688 1.7739 1.7789
1.7839 1.7889 1.7940
1.7990 1.8040 1.8090
1.8141 1.8191 1.8241
1.8291 1.8342 1.8392
1.8442 1.8492 1.8543
1.8593 1.8643 1.8693
1.8744 1.8794 1.8844
1.8894 1.8945 1.8995
1.9045 1.9095 1.9146
1.9196 1.9246 1.9296
1.9347 1.9397 1.9447
1.9497 1.9548 1.9598
1.9648 1.9698 1.9749
1.9799 1.9849 1.9899
1.9950 2.0000 0.9313
0.9306 0.9299 0.9293
0.9286 0.9279 0.9272
0.9265 0.9258 0.9251
0.9244 0.9237 0.9230
0.9223 0.9215 0.9208
0.9201 0.9194 0.9187
0.9179 0.9172 0.9165
0.9157 0.9150 0.9143
0.9135 0.9128 0.9120
0.9113 0.9105 0.9098
0.9090 0.9083 0.9075
0.9067 0.9060 0.9052
0.9044 0.9037 0.9029
0.9021 0.9013 0.9006
0.8998 0.8990 0.8982
0.8974 0.8966 0.8958
0.8950 0.8943 0.8935
0.8927 0.8919 0.8910
0.8902 0.8894 0.8886
0.8878 0.8870 0.8862
0.8854 0.8846 0.8837
0.8829 0.8821 0.8813
0.8804 0.8796 0.8788
0.8780 0.8771 0.8763
0.8755 0.8746 0.8738
0.8729 0.8721 0.8713
0.8704 0.8696 0.8687
0.8679 0.8670 0.8662
0.8653 0.8645 0.8636
0.8627 0.8619 0.8610
0.8602 0.8593 0.8584
0.8576 0.8567 0.8558
0.8550 0.8541 0.8532
0.8524 0.8515 0.8506
0.8497 0.8489 0.8480
0.8471 0.8462 0.8454
0.8445 0.8436 0.8427
0.8418 0.8409 0.8401
0.8392 0.8383 0.8374
0.8365 0.8356 0.8347
0.8338 0.8329 0.8321
0.8312 0.8303 0.8294
0.8285 0.8276 0.8267
0.8258 0.8249 0.8240
0.8231 0.8222 0.8213
0.8204 0.8195 0.8186
0.8177 0.8168 0.8159
0.8150 0.8141 0.8132
0.8123 0.8114 0.8105
0.8095 0.8086 0.8077
0.8068 0.8059 0.8050
0.8041 0.8032 0.8023
0.8014 0.8005 0.7996
0.7987 0.7977 0.7968
0.7959 0.7950 0.7941
0.7932 0.7923 0.7914
0.7905 0.7895 0.7886
0.7877 0.7868 0.7859
0.7850 0.7841 0.7832
0.7823 0.7813 0.7804
0.7795 0.7786 0.7777
0.7768 0.7759 0.7750
0.7740 0.7731 0.7722
0.7713 0.7704 0.7695
0.7686 0.7677 0.7668
0.7658 0.7649 0.7640
0.7631 0.8491 0.8486
0.8482 0.8478 0.8474
0.8470 0.8466 0.8461
0.8457 0.8453 0.8449
0.8445 0.8441 0.8437
0.8433 0.8429 0.8425
0.8421 0.8418 0.8414
0.8410 0.8406 0.8402
0.8398 0.8395 0.8391
0.8387 0.8383 0.8380
0.8376 0.8372 0.8369
0.8365 0.8362 0.8358
0.8354 0.8351 0.8347
0.8344 0.8340 0.8337
0.8333 0.8330 0.8326
0.8323 0.8319 0.8316
0.8313 0.8309 0.8306
0.8303 0.8299 0.8296
0.8293 0.8289 0.8286
0.8283 0.8280 0.8276
0.8273 0.8270 0.8267
0.8264 0.8260 0.8257
0.8254 0.8251 0.8248
0.8245 0.8242 0.8239
0.8235 0.8232 0.8229
0.8226 0.8223 0.8220
0.8217 0.8214 0.8211
0.8208 0.8206 0.8203
0.8200 0.8197 0.8194
0.8191 0.8188 0.8185
0.8182 0.8180 0.8177
0.8174 0.8171 0.8168
0.8166 0.8163 0.8160
0.8157 0.8155 0.8152
0.8149 0.8146 0.8144
0.8141 0.8138 0.8136
0.8133 0.8130 0.8128
0.8125 0.8122 0.8120
0.8117 0.8115 0.8112
0.8109 0.8107 0.8104
0.8102 0.8099 0.8097
0.8094 0.8092 0.8089
0.8087 0.8084 0.8082
0.8079 0.8077 0.8074
0.8072 0.8069 0.8067
0.8065 0.8062 0.8060
0.8057 0.8055 0.8053
0.8050 0.8048 0.8046
0.8043 0.8041 0.8039
0.8036 0.8034 0.8032
0.8029 0.8027 0.8025
0.8023 0.8020 0.8018
0.8016 0.8014 0.8011
0.8009 0.8007 0.8005
0.8002 0.8000 0.7998
0.7996 0.7994 0.7992
0.7989 0.7987 0.7985
0.7983 0.7981 0.7979
0.7977 0.7974 0.7972
0.7970 0.7968 0.7966
0.7964 0.7962 0.7960
0.7958 0.7956 0.7954
0.7952 0.7950 0.7948
0.7946 0.7944 0.7942
0.7940 0.7938 0.7936
0.7934 0.7932 0.7930
0.7928 0.7926 0.7924
